%YAML:1.0
# General sensor definitions.
camera_id: left_cam

# Sensor extrinsics wrt. the body-frame.
T_BS:
  cols: 4
  rows: 4
  data: [0.00284496,  0.00387706,  0.99998844,  0.0225266,
        -0.99998998, -0.00344601,  0.00285833,  0.02162648,
        0.00345705, -0.99998655,  0.00386722, -0.00182277,
        0.0, 0.0, 0.0, 1.0]

# Camera specific definitions.
rate_hz: 30
resolution: [672, 376]
camera_model: pinhole
intrinsics: [263.19305599884416, 263.54641278173773, 342.33690250532277, 197.0316852825522] #fu, fv, cu, cv
distortion_model: radial-tangential
distortion_coefficients: [-0.033115060552668434, -0.004213141721342087, -0.0002876554959238276, 0.0011053099512744646]

